16383
16382
15879
15867
15866
15865
15864
15863
15862
15875
15873
15872
15871
15870
15874
15873
15872
15871
15870
15874
15880
15875
15873
15872
15871
15870
15874
15873
15872
15871
15870
15874
15881
15875
15873
15872
15871
15870
15874
15873
15874
15873
15874
15882
15875
15873
15872
15871
15870
15874
15873
15872
15871
15870
15874
15873
15874
15883
15875
15873
15872
15871
15870
15874
15873
15872
15871
15870
15874
15873
15874
15873
15874
15873
15874
15884
15875
15873
15872
15871
15870
15874
15873
15872
15871
15870
15874
15873
15874
15873
15874
15873
15874
15885
15875
15873
15872
15871
15870
15874
15873
15872
15871
15870
15874
15886
15875
15873
15872
15871
15870
15874
15873
15874
15887
15875
15873
15872
15871
15870
15874
15873
15874
15873
15874
15888
15875
15873
15872
15871
15870
15874
15873
15874
15873
15874
15873
15874
15889
15875
15873
15872
15871
15870
15874
15873
15872
15871
15870
15874
15873
15874
15890
15875
15873
15872
15871
15870
15874
15891
15875
15873
15872
15871
15870
15874
15873
15874
15873
15874
15873
15874
15892
15875
15873
15872
15871
15870
15874
15873
15872
15871
15870
15874
15873
15872
15871
15870
15874
15893
15875
15873
15872
15871
15870
15874
15873
15872
15871
15870
15874
15873
15874
15873
15874
15894
15875
15873
15872
15871
15870
15874
15873
15872
15871
15870
15874
15873
15874
15895
15875
15873
15872
15871
15870
15874
15873
15874
15873
15874
15896
15875
15873
15872
15871
15870
15874
15873
15872
15871
15870
15874
15873
15874
15873
15874
15873
15874
15897
15875
15873
15872
15871
15870
15874
15873
15872
15871
15870
15874
15873
15874
15873
15874
15873
15874
15898
15875
15873
15872
15871
15870
15874
15873
15872
15871
15870
15874
15899
15875
15873
15872
15871
15870
15874
15873
15872
15871
15870
15874
15873
15874
15900
15875
15873
15872
15871
15870
15874
15873
15872
15871
15870
15874
15873
15874
15873
15874
15873
15874
15901
15875
15873
15872
15871
15870
15874
15873
15872
15871
15870
15874
15873
15874
15873
15874
15902
15875
15873
15872
15871
15870
15874
15873
15872
15871
15870
15874
15873
15874
15903
15875
15873
15872
15871
15870
15874
15873
15872
15871
15870
15874
15904
15875
15873
15872
15871
15870
15874
15873
15872
15871
15870
15874
15873
15872
15871
15870
15874
15873
15872
15871
15870
15874
15873
15874
15905
15875
15873
15872
15871
15870
15874
15873
15872
15871
15870
15874
15873
15874
15906
15875
15873
15872
15871
15870
15874
15873
15874
15873
15874
15873
15874
15907
15875
15873
15872
15871
15870
15874
15873
15874
15873
15874
15908
15875
15873
15872
15871
15870
15874
15873
15872
15871
15870
15874
15873
15874
15873
15874
15873
15874
15909
15875
15873
15872
15871
15870
15874
15873
15872
15871
15870
15874
15873
15872
15871
15870
15874
15873
15874
15873
15874
15910
15875
15873
15872
15871
15870
15874
15873
15872
15871
15870
15874
15873
15874
15873
15874
15911
15875
15873
15872
15871
15870
15874
15873
15872
15871
15870
15874
15873
15872
15871
15870
15874
15873
15874
15912
15875
15873
15872
15871
15870
15874
15873
15874
15873
15874
15913
15875
15873
15872
15871
15870
15874
15873
15872
15871
15870
15874
15914
15875
15873
15872
15871
15870
15874
15873
15874
15873
15874
15915
15875
15873
15872
15871
15870
15874
15873
15872
15871
15870
15874
15916
15875
15873
15872
15871
15870
15874
15873
15872
15871
15870
15874
15873
15874
15873
15874
15873
15874
15917
15875
15873
15872
15871
15870
15874
15873
15872
15871
15870
15874
15873
15874
15918
15875
15873
15872
15871
15870
15874
15873
15872
15871
15870
15874
15873
15874
15873
15874
15919
15875
15873
15872
15871
15870
15874
15873
15874
15873
15874
15920
15875
15873
15872
15871
15870
15874
15873
15872
15871
15870
15874
15921
15875
15873
15872
15871
15870
15874
15873
15872
15871
15870
15874
15873
15874
15873
15874
15873
15874
15922
15875
15873
15872
15871
15870
15874
15873
15874
15873
15874
15923
15875
15873
15872
15871
15870
15874
15873
15872
15871
15870
15874
15873
15872
15871
15870
15874
15873
15874
15924
15875
15873
15872
15871
15870
15874
15873
15874
15873
15874
15873
15874
15925
15875
15873
15872
15871
15870
15874
15873
15874
15873
15874
15873
15874
15926
15875
15873
15872
15871
15870
15874
15873
15872
15871
15870
15874
15873
15874
15927
15875
15873
15872
15871
15870
15874
15873
15872
15871
15870
15874
15873
15872
15871
15870
15874
15928
15875
15873
15872
15871
15870
15874
15873
15872
15871
15870
15874
15873
15874
15873
15874
15929
15875
15873
15872
15871
15870
15874
15873
15872
15871
15870
15874
15873
15874
15873
15874
15930
15875
15873
15872
15871
15870
15874
15873
15874
15873
15874
15873
15874
15931
15875
15873
15872
15871
15870
15874
15873
15872
15871
15870
15874
15873
15874
15873
15874
15932
15875
15873
15872
15871
15870
15874
15873
15874
15873
15874
15933
15875
15873
15872
15871
15870
15874
15873
15872
15871
15870
15874
15873
15874
15873
15874
15934
15875
15873
15872
15871
15870
15874
15873
15872
15871
15870
15874
15935
15875
15873
15872
15871
15870
15874
15873
15874
15873
15874
15873
15874
15936
15875
15873
15872
15871
15870
15874
15873
15872
15871
15870
15874
15873
15874
15873
15874
15937
15875
15873
15872
15871
15870
15874
15873
15872
15871
15870
15874
15873
15874
15938
15875
15873
15872
15871
15870
15874
15873
15872
15871
15870
15874
15873
15874
15873
15874
15939
15875
15873
15872
15871
15870
15874
15873
15872
15871
15870
15874
15873
15874
15873
15874
15873
15874
15940
15875
15873
15872
15871
15870
15874
15873
15872
15871
15870
15874
15873
15874
15873
15874
15941
15875
15873
15872
15871
15870
15874
15873
15872
15871
15870
15874
15873
15874
15942
15875
15873
15872
15871
15870
15874
15873
15874
15873
15874
15873
15874
15943
15875
15873
15872
15871
15870
15874
15873
15872
15871
15870
15874
15944
15875
15873
15872
15871
15870
15874
15873
15872
15871
15870
15874
15873
15874
15873
15874
15945
15875
15873
15872
15871
15870
15874
15873
15872
15871
15870
15874
15946
15875
15873
15872
15871
15870
15874
15873
15874
15873
15874
15873
15874
15947
15875
15873
15872
15871
15870
15874
15873
15872
15871
15870
15874
15873
15874
15873
15874
15948
15875
15873
15872
15871
15870
15874
15873
15874
15873
15874
15949
15875
15873
15872
15871
15870
15874
15873
15874
15873
15874
15950
15875
15873
15872
15871
15870
15874
15873
15872
15871
15870
15874
15873
15874
15873
15874
15951
15875
15873
15872
15871
15870
15874
15873
15872
15871
15870
15874
15873
15874
15952
15875
15873
15872
15871
15870
15874
15873
15872
15871
15870
15874
15873
15874
15873
15874
15953
15875
15873
15872
15871
15870
15874
15873
15874
15873
15874
15873
15874
15954
15875
15873
15872
15871
15870
15874
15873
15872
15871
15870
15874
15955
15875
15873
15872
15871
15870
15874
15873
15874
15873
15874
15956
15875
15873
15872
15871
15870
15874
15873
15872
15871
15870
15874
15873
15874
15873
15874
15957
15875
15873
15872
15871
15870
15874
15873
15872
15871
15870
15874
15873
15872
15871
15870
15874
15873
15872
15871
15870
15874
15873
15874
15958
15875
15873
15872
15871
15870
15874
15873
15872
15871
15870
15874
15873
15874
15873
15874
15959
15875
15873
15872
15871
15870
15874
15873
15872
15871
15870
15874
15873
15874
15873
15874
15873
15874
15960
15875
15873
15872
15871
15870
15874
15873
15874
15873
15874
15873
15874
15961
15875
15873
15872
15871
15870
15874
15873
15874
15873
15874
15873
15874
15962
15875
15873
15872
15871
15870
15874
15873
15872
15871
15870
15874
15873
15874
15873
15874
15963
15875
15873
15872
15871
15870
15874
15873
15872
15871
15870
15874
15873
15872
15871
15870
15874
15964
15875
15873
15872
15871
15870
15874
15873
15872
15871
15870
15874
15873
15874
15965
15875
15873
15872
15871
15870
15874
15873
15874
15873
15874
15873
15874
15966
15875
15873
15872
15871
15870
15874
15873
15872
15871
15870
15874
15873
15874
15967
15875
15873
15872
15871
15870
15874
15873
15872
15871
15870
15874
15873
15872
15871
15870
15874
15968
15875
15873
15872
15871
15870
15874
15873
15874
15969
15875
15873
15872
15871
15870
15874
15873
15872
15871
15870
15874
15873
15874
15873
15874
15970
15875
15873
15872
15871
15870
15874
15873
15872
15871
15870
15874
15873
15872
15871
15870
15874
15971
15875
15873
15872
15871
15870
15874
15873
15872
15871
15870
15874
15873
15874
15873
15874
15972
15875
15873
15872
15871
15870
15874
15873
15872
15871
15870
15874
15873
15874
15873
15874
15973
15875
15873
15872
15871
15870
15874
15873
15874
15974
15875
15873
15872
15871
15870
15874
15873
15872
15871
15870
15874
15873
15872
15871
15870
15874
15975
15875
15873
15872
15871
15870
15874
15873
15874
15873
15874
15976
15875
15873
15872
15871
15870
15874
15873
15872
15871
15870
15874
15873
15874
15873
15874
15977
15875
15873
15872
15871
15870
15874
15873
15872
15871
15870
15874
15873
15874
15978
15875
15873
15872
15871
15870
15874
15873
15872
15871
15870
15874
15873
15874
15979
15875
15873
15872
15871
15870
15874
15873
15872
15871
15870
15874
15873
15874
15873
15874
15980
15875
15873
15872
15871
15870
15874
15873
15872
15871
15870
15874
15873
15874
15873
15874
15873
15874
15981
15875
15873
15872
15871
15870
15874
15873
15872
15871
15870
15874
15873
15874
15982
15875
15873
15872
15871
15870
15874
15873
15872
15871
15870
15874
15873
15874
15983
15875
15873
15872
15871
15870
15874
15873
15872
15871
15870
15874
15873
15874
15873
15874
15984
15875
15873
15872
15871
15870
15874
15873
15872
15871
15870
15874
15873
15872
15871
15870
15874
15985
15875
15873
15872
15871
15870
15874
15873
15874
15873
15874
15873
15874
15986
15875
15873
15872
15871
15870
15874
15873
15874
15873
15874
15873
15874
15987
15875
15873
15872
15871
15870
15874
15873
15872
15871
15870
15874
15988
15875
15873
15872
15871
15870
15874
15873
15872
15871
15870
15874
15989
15875
15873
15872
15871
15870
15874
15873
15872
15871
15870
15874
15873
15874
15873
15874
15990
15875
15873
15872
15871
15870
15874
15873
15872
15871
15870
15874
15873
15872
15871
15870
15874
15873
15874
15991
15875
15873
15872
15871
15870
15874
15873
15874
15873
15874
15992
15875
15873
15872
15871
15870
15874
15873
15872
15871
15870
15874
15993
15875
15873
15872
15871
15870
15874
15873
15872
15871
15870
15874
15994
15875
15873
15872
15871
15870
15874
15873
15874
15873
15874
15873
15874
15995
15875
15873
15872
15871
15870
15874
15873
15874
15873
15874
15996
15875
15873
15872
15871
15870
15874
15873
15872
15871
15870
15874
15873
15874
15997
15875
15873
15872
15871
15870
15874
15873
15874
15873
15874
15873
15874
15998
15875
15873
15872
15871
15870
15874
15873
15872
15871
15870
15874
15999
15875
15873
15872
15871
15870
15874
15873
15872
15871
15870
15874
16000
15875
15873
15872
15871
15870
15874
15873
15874
16001
15875
15873
15872
15871
15870
15874
15873
15872
15871
15870
15874
16002
15875
15873
15872
15871
15870
15874
15873
15874
15873
15874
16003
15875
15873
15872
15871
15870
15874
15873
15872
15871
15870
15874
15873
15872
15871
15870
15874
16004
15875
15873
15872
15871
15870
15874
15873
15872
15871
15870
15874
15873
15874
16005
15875
15873
15872
15871
15870
15874
15873
15874
15873
15874
15873
15874
16006
15875
15873
15872
15871
15870
15874
15873
15872
15871
15870
15874
16007
15875
15873
15872
15871
15870
15874
15873
15872
15871
15870
15874
15873
15874
15873
15874
15873
15874
16008
15875
15873
15872
15871
15870
15874
15873
15872
15871
15870
15874
15873
15874
15873
15874
15873
15874
16009
15875
15873
15872
15871
15870
15874
15873
15872
15871
15870
15874
15873
15874
15873
15874
15873
15874
16010
15875
15873
15872
15871
15870
15874
15873
15872
15871
15870
15874
15873
15874
15873
15874
16011
15875
15873
15872
15871
15870
15874
15873
15872
15871
15870
15874
16012
15875
15873
15872
15871
15870
15874
15873
15874
15873
15874
15873
15874
16013
15875
15873
15872
15871
15870
15874
15873
15872
15871
15870
15874
15873
15874
15873
15874
16014
15875
15873
15872
15871
15870
15874
15873
15872
15871
15870
15874
15873
15874
15873
15874
16015
15875
15873
15872
15871
15870
15874
15873
15872
15871
15870
15874
15873
15874
16016
15875
15873
15872
15871
15870
15874
15873
15874
15873
15874
15873
15874
16017
15875
15873
15872
15871
15870
15874
15873
15872
15871
15870
15874
15873
15874
16018
15875
15873
15872
15871
15870
15874
15873
15872
15871
15870
15874
15873
15874
15873
15874
15873
15874
16019
15875
15873
15872
15871
15870
15874
15873
15872
15871
15870
15874
15873
15874
15873
15874
16020
15875
15873
15872
15871
15870
15874
15873
15872
15871
15870
15874
15873
15874
15873
15874
16021
15875
15873
15872
15871
15870
15874
15873
15872
15871
15870
15874
15873
15874
15873
15874
16022
15875
15873
15872
15871
15870
15874
15873
15872
15871
15870
15874
15873
15874
16023
15875
15873
15872
15871
15870
15874
15873
15872
15871
15870
15874
16024
15875
15873
15872
15871
15870
15874
15873
15872
15871
15870
15874
15873
15874
16025
15875
15873
15872
15871
15870
15874
15873
15874
15873
15874
16026
15875
15873
15872
15871
15870
15874
15873
15874
15873
15874
15873
15874
16027
15875
15873
15872
15871
15870
15874
15873
15874
15873
15874
15873
15874
16028
15875
15873
15872
15871
15870
15874
15873
15872
15871
15870
15874
15873
15874
15873
15874
15873
15874
16029
15875
15873
15872
15871
15870
15874
15873
15872
15871
15870
15874
16030
15875
15873
15872
15871
15870
15874
15873
15874
15873
15874
16031
15875
15873
15872
15871
15870
15874
15873
15872
15871
15870
15874
16032
15875
15873
15872
15871
15870
15874
15873
15872
15871
15870
15874
15873
15874
16033
15875
15873
15872
15871
15870
15874
15873
15872
15871
15870
15874
15873
15874
15873
15874
16034
15875
15873
15872
15871
15870
15874
15873
15872
15871
15870
15874
16035
15875
15873
15872
15871
15870
15874
15873
15872
15871
15870
15874
15873
15874
15873
15874
16036
15875
15873
15872
15871
15870
15874
15873
15872
15871
15870
15874
16037
15875
15873
15872
15871
15870
15874
15873
15874
15873
15874
16038
15875
15873
15872
15871
15870
15874
16039
15875
15873
15872
15871
15870
15874
15873
15872
15871
15870
15874
15873
15872
15871
15870
15874
16040
15875
15873
15872
15871
15870
15874
15873
15874
15873
15874
15873
15874
16041
15875
15873
15872
15871
15870
15874
15873
15872
15871
15870
15874
16042
15875
15873
15872
15871
15870
15874
15873
15872
15871
15870
15874
15873
15874
15873
15874
16043
15875
15873
15872
15871
15870
15874
15873
15872
15871
15870
15874
15873
15874
15873
15874
15873
15874
16044
15875
15873
15872
15871
15870
15874
15873
15872
15871
15870
15874
15873
15872
15871
15870
15874
15873
15874
15873
15874
16045
15875
15873
15872
15871
15870
15874
15873
15874
15873
15874
15873
15874
16046
15875
15873
15872
15871
15870
15874
15873
15874
15873
15874
15873
15874
16047
15875
15873
15872
15871
15870
15874
15873
15874
15873
15874
16048
15875
15873
15872
15871
15870
15874
15873
15874
15873
15874
16049
15875
15873
15872
15871
15870
15874
15873
15872
15871
15870
15874
15873
15874
16050
15875
15873
15872
15871
15870
15874
15873
15872
15871
15870
15874
15873
15874
15873
15874
15873
15874
16051
15875
15873
15872
15871
15870
15874
15873
15874
16052
15875
15873
15872
15871
15870
15874
15873
15872
15871
15870
15874
15873
15874
16053
15875
15873
15872
15871
15870
15874
15873
15872
15871
15870
15874
15873
15872
15871
15870
15874
15873
15874
16054
15875
15873
15872
15871
15870
15874
15873
15872
15871
15870
15874
16055
15875
15873
15872
15871
15870
15874
15873
15874
15873
15874
15873
15874
16056
15875
15873
15872
15871
15870
15874
15873
15874
15873
15874
15873
15874
16057
15875
15873
15872
15871
15870
15874
15873
15872
15871
15870
15874
15873
15872
15871
15870
15874
16058
15875
15873
15872
15871
15870
15874
15873
15874
15873
15874
16059
15875
15873
15872
15871
15870
15874
15873
15872
15871
15870
15874
15873
15872
15871
15870
15874
15873
15874
16060
15875
15873
15872
15871
15870
15874
15873
15874
15873
15874
15873
15874
16061
15875
15873
15872
15871
15870
15874
15873
15872
15871
15870
15874
15873
15874
16062
15875
15873
15872
15871
15870
15874
15873
15874
15873
15874
15873
15874
16063
15875
15873
15872
15871
15870
15874
15873
15872
15871
15870
15874
16064
15875
15873
15872
15871
15870
15874
15873
15872
15871
15870
15874
15873
15874
15873
15874
15873
15874
16065
15875
15873
15872
15871
15870
15874
15873
15872
15871
15870
15874
16066
15875
15873
15872
15871
15870
15874
15873
15874
15873
15874
16067
15875
15873
15872
15871
15870
15874
15873
15874
15873
15874
15873
15874
16068
15875
15873
15872
15871
15870
15874
15873
15872
15871
15870
15874
16069
15875
15873
15872
15871
15870
15874
15873
15872
15871
15870
15874
16070
15875
15873
15872
15871
15870
15874
15873
15872
15871
15870
15874
15873
15874
15873
15874
15873
15874
16071
15875
15873
15872
15871
15870
15874
15873
15872
15871
15870
15874
15873
15872
15871
15870
15874
16072
15875
15873
15872
15871
15870
15874
15873
15872
15871
15870
15874
16073
15875
15873
15872
15871
15870
15874
15873
15872
15871
15870
15874
15873
15874
15873
15874
16074
15875
15873
15872
15871
15870
15874
15873
15872
15871
15870
15874
16075
15875
15873
15872
15871
15870
15874
15873
15874
15873
15874
15873
15874
16076
15875
15873
15872
15871
15870
15874
15873
15872
15871
15870
15874
16077
15875
15873
15872
15871
15870
15874
15873
15874
15873
15874
16078
15875
15873
15872
15871
15870
15874
15873
15872
15871
15870
15874
15873
15874
16079
15875
15873
15872
15871
15870
15874
15873
15872
15871
15870
15874
15873
15874
16080
15875
15873
15872
15871
15870
15874
15873
15874
15873
15874
15873
15874
16081
15875
15873
15872
15871
15870
15874
15873
15872
15871
15870
15874
15873
15874
15873
15874
15873
15874
16082
15875
15873
15872
15871
15870
15874
15873
15872
15871
15870
15874
15873
15874
16083
15875
15873
15872
15871
15870
15874
15873
15872
15871
15870
15874
16084
15875
15873
15872
15871
15870
15874
15873
15872
15871
15870
15874
16085
15875
15873
15872
15871
15870
15874
15873
15874
15873
15874
16086
15875
15873
15872
15871
15870
15874
15873
15872
15871
15870
15874
15873
15874
15873
15874
15873
15874
16087
15875
15873
15872
15871
15870
15874
15873
15874
16088
15875
15873
15872
15871
15870
15874
15873
15872
15871
15870
15874
15873
15874
16089
15875
15873
15872
15871
15870
15874
15873
15874
15873
15874
15873
15874
16090
15875
15873
15872
15871
15870
15874
15873
15872
15871
15870
15874
15873
15874
15873
15874
15873
15874
16091
15875
15873
15872
15871
15870
15874
15873
15872
15871
15870
15874
16092
15875
15873
15872
15871
15870
15874
15873
15874
15873
15874
16093
15875
15873
15872
15871
15870
15874
15873
15872
15871
15870
15874
16094
15875
15873
15872
15871
15870
15874
15873
15872
15871
15870
15874
15873
15874
16095
15875
15873
15872
15871
15870
15874
15873
15872
15871
15870
15874
15873
15874
15873
15874
15873
15874
16096
15875
15873
15872
15871
15870
15874
15873
15872
15871
15870
15874
15873
15874
15873
15874
16097
15875
15873
15872
15871
15870
15874
15873
15872
15871
15870
15874
16098
15875
15873
15872
15871
15870
15874
15873
15872
15871
15870
15874
15873
15874
16099
15875
15873
15872
15871
15870
15874
15873
15872
15871
15870
15874
15873
15874
15873
15874
15873
15874
16100
15875
15873
15872
15871
15870
15874
15873
15872
15871
15870
15874
15873
15874
15873
15874
16101
15875
15873
15872
15871
15870
15874
15873
15874
15873
15874
15873
15874
16102
15875
15873
15872
15871
15870
15874
15873
15872
15871
15870
15874
15873
15874
16103
15875
15873
15872
15871
15870
15874
15873
15874
15873
15874
15873
15874
16104
15875
15873
15872
15871
15870
15874
15873
15874
15873
15874
16105
15875
15873
15872
15871
15870
15874
15873
15872
15871
15870
15874
15873
15874
15873
15874
16106
15875
15873
15872
15871
15870
15874
15873
15874
15873
15874
15873
15874
16107
15875
15873
15872
15871
15870
15874
15873
15872
15871
15870
15874
16108
15875
15873
15872
15871
15870
15874
15873
15874
15873
15874
15873
15874
16109
15875
15873
15872
15871
15870
15874
15873
15874
15873
15874
15873
15874
16110
15875
15873
15872
15871
15870
15874
15873
15874
15873
15874
16111
15875
15873
15872
15871
15870
15874
15873
15874
15873
15874
15873
15874
16112
15875
15873
15872
15871
15870
15874
15873
15872
15871
15870
15874
15873
15874
16113
15875
15873
15872
15871
15870
15874
15873
15874
15873
15874
16114
15875
15873
15872
15871
15870
15874
15873
15872
15871
15870
15874
15873
15872
15871
15870
15874
16115
15875
15873
15872
15871
15870
15874
15873
15872
15871
15870
15874
15873
15874
15873
15874
15873
15874
16116
15875
15873
15872
15871
15870
15874
15873
15872
15871
15870
15874
15873
15874
16117
15875
15873
15872
15871
15870
15874
15873
15872
15871
15870
15874
15873
15872
15871
15870
15874
16118
15875
15873
15872
15871
15870
15874
15873
15874
15873
15874
15873
15874
16119
15875
15873
15872
15871
15870
15874
15873
15872
15871
15870
15874
15873
15874
16120
15875
15873
15872
15871
15870
15874
15873
15872
15871
15870
15874
16121
15875
15873
15872
15871
15870
15874
15873
15874
15873
15874
16122
15875
15873
15872
15871
15870
15874
15873
15874
15873
15874
16123
15875
15873
15872
15871
15870
15874
15873
15872
15871
15870
15874
15873
15874
15873
15874
15873
15874
16124
15875
15873
15872
15871
15870
15874
15873
15872
15871
15870
15874
15873
15874
16125
15875
15873
15872
15871
15870
15874
15873
15874
15873
15874
16126
15875
15873
15872
15871
15870
15874
15873
15872
15871
15870
15874
15873
15874
15873
15874
15873
15874
16127
15875
15873
15872
15871
15870
15874
15873
15872
15871
15870
15874
15873
15874
16128
15875
15873
15872
15871
15870
15874
15873
15872
15871
15870
15874
16129
15875
15873
15872
15871
15870
15874
15873
15874
15873
15874
15873
15874
16130
15875
15873
15872
15871
15870
15874
15873
15872
15871
15870
15874
16131
15875
15873
15872
15871
15870
15874
15873
15872
15871
15870
15874
15873
15874
16132
15875
15873
15872
15871
15870
15874
15873
15874
15873
15874
15873
15874
16133
15875
15873
15872
15871
15870
15874
15873
15874
15873
15874
16134
15875
15873
15872
15871
15870
15874
15873
15874
15873
15874
15873
15874
16135
15875
15873
15872
15871
15870
15874
15873
15872
15871
15870
15874
15873
15872
15871
15870
15874
16136
15875
15873
15872
15871
15870
15874
15873
15872
15871
15870
15874
15873
15874
15873
15874
16137
15875
15873
15872
15871
15870
15874
15873
15872
15871
15870
15874
15873
15874
15873
15874
16138
15875
15873
15872
15871
15870
15874
15873
15874
15873
15874
15873
15874
16139
15875
15873
15872
15871
15870
15874
15873
15874
15873
15874
16140
15875
15873
15872
15871
15870
15874
15873
15872
15871
15870
15874
16141
15875
15873
15872
15871
15870
15874
15873
15872
15871
15870
15874
16142
15875
15873
15872
15871
15870
15874
15873
15872
15871
15870
15874
15873
15874
16143
15875
15873
15872
15871
15870
15874
15873
15874
15873
15874
16144
15875
15873
15872
15871
15870
15874
15873
15874
15873
15874
15873
15874
16145
15875
15873
15872
15871
15870
15874
15873
15872
15871
15870
15874
15873
15874
16146
15875
15873
15872
15871
15870
15874
15873
15872
15871
15870
15874
16147
15875
15873
15872
15871
15870
15874
15873
15872
15871
15870
15874
15873
15874
16148
15875
15873
15872
15871
15870
15874
15873
15874
15873
15874
15873
15874
16149
15875
15873
15872
15871
15870
15874
15873
15872
15871
15870
15874
15873
15872
15871
15870
15874
16150
15875
15873
15872
15871
15870
15874
15873
15872
15871
15870
15874
16151
15875
15873
15872
15871
15870
15874
15873
15874
15873
15874
15873
15874
16152
15875
15873
15872
15871
15870
15874
15873
15874
16153
15875
15873
15872
15871
15870
15874
15873
15874
15873
15874
15873
15874
16154
15875
15873
15872
15871
15870
15874
15873
15874
15873
15874
15873
15874
16155
15875
15873
15872
15871
15870
15874
15873
15872
15871
15870
15874
15873
15874
15873
15874
16156
15875
15873
15872
15871
15870
15874
15873
15874
15873
15874
15873
15874
16157
15875
15873
15872
15871
15870
15874
15873
15872
15871
15870
15874
16158
15875
15873
15872
15871
15870
15874
15873
15872
15871
15870
15874
15873
15874
16159
15875
15873
15872
15871
15870
15874
15873
15872
15871
15870
15874
16160
15875
15873
15872
15871
15870
15874
15873
15872
15871
15870
15874
16161
15875
15873
15872
15871
15870
15874
15873
15874
15873
15874
16162
15875
15873
15872
15871
15870
15874
15873
15872
15871
15870
15874
15873
15874
15873
15874
15873
15874
16163
15875
15873
15872
15871
15870
15874
15873
15872
15871
15870
15874
16164
15875
15873
15872
15871
15870
15874
15873
15872
15871
15870
15874
15873
15874
16165
15875
15873
15872
15871
15870
15874
15873
15872
15871
15870
15874
16166
15875
15873
15872
15871
15870
15874
15873
15872
15871
15870
15874
15873
15874
15873
15874
16167
15875
15873
15872
15871
15870
15874
15873
15872
15871
15870
15874
16168
15875
15873
15872
15871
15870
15874
15873
15872
15871
15870
15874
15873
15872
15871
15870
15874
16169
15875
15873
15872
15871
15870
15874
15873
15872
15871
15870
15874
15873
15874
16170
15875
15873
15872
15871
15870
15874
15873
15872
15871
15870
15874
15873
15874
15873
15874
15873
15874
16171
15875
15873
15872
15871
15870
15874
15873
15872
15871
15870
15874
15873
15874
15873
15874
15873
15874
16172
15875
15873
15872
15871
15870
15874
15873
15872
15871
15870
15874
15873
15874
16173
15875
15873
15872
15871
15870
15874
15873
15874
16174
15875
15873
15872
15871
15870
15874
15873
15872
15871
15870
15874
15873
15872
15871
15870
15874
15873
15874
16175
15875
15873
15872
15871
15870
15874
15873
15874
15873
15874
15873
15874
16176
15875
15873
15872
15871
15870
15874
15873
15872
15871
15870
15874
16177
15875
15873
15872
15871
15870
15874
15873
15874
15873
15874
15873
15874
16178
15875
15873
15872
15871
15870
15874
15873
15872
15871
15870
15874
15873
15874
15873
15874
15873
15874
16179
15875
15873
15872
15871
15870
15874
15873
15872
15871
15870
15874
16180
15875
15873
15872
15871
15870
15874
15873
15872
15871
15870
15874
15873
15872
15871
15870
15874
16181
15875
15873
15872
15871
15870
15874
15873
15872
15871
15870
15874
15873
15874
15873
15874
15873
15874
16182
15875
15873
15872
15871
15870
15874
15873
15872
15871
15870
15874
15873
15872
15871
15870
15874
16183
15875
15873
15872
15871
15870
15874
15873
15874
15873
15874
15873
15874
16184
15875
15873
15872
15871
15870
15874
15873
15872
15871
15870
15874
15873
15872
15871
15870
15874
16185
15875
15873
15872
15871
15870
15874
15873
15874
15873
15874
16186
15875
15873
15872
15871
15870
15874
15873
15874
15873
15874
15873
15874
16187
15875
15873
15872
15871
15870
15874
15873
15874
16188
15875
15873
15872
15871
15870
15874
15873
15872
15871
15870
15874
15873
15874
15873
15874
16189
15875
15873
15872
15871
15870
15874
15873
15874
15873
15874
15873
15874
16190
15875
15873
15872
15871
15870
15874
15873
15874
15873
15874
16191
15875
15873
15872
15871
15870
15874
15873
15874
15873
15874
15873
15874
16192
15875
15873
15872
15871
15870
15874
15873
15874
15873
15874
15873
15874
16193
15875
15873
15872
15871
15870
15874
15873
15872
15871
15870
15874
15873
15872
15871
15870
15874
15873
15872
15871
15870
15874
15873
15874
15873
15874
16194
15875
15873
15872
15871
15870
15874
15873
15874
15873
15874
16195
15875
15873
15872
15871
15870
15874
15873
15874
15873
15874
15873
15874
16196
15875
15873
15872
15871
15870
15874
15873
15872
15871
15870
15874
15873
15874
15873
15874
16197
15875
15873
15872
15871
15870
15874
15873
15872
15871
15870
15874
15873
15874
15873
15874
16198
15875
15873
15872
15871
15870
15874
15873
15872
15871
15870
15874
16199
15875
15873
15872
15871
15870
15874
15873
15874
15873
15874
15873
15874
16200
15875
15873
15872
15871
15870
15874
15873
15874
15873
15874
15873
15874
16201
15875
15873
15872
15871
15870
15874
15873
15874
16202
15875
15873
15872
15871
15870
15874
15873
15872
15871
15870
15874
15873
15874
16203
15875
15873
15872
15871
15870
15874
15873
15872
15871
15870
15874
16204
15875
15873
15872
15871
15870
15874
15873
15872
15871
15870
15874
15873
15874
15873
15874
16205
15875
15873
15872
15871
15870
15874
15873
15872
15871
15870
15874
16206
15875
15873
15872
15871
15870
15874
15873
15872
15871
15870
15874
15873
15874
15873
15874
15873
15874
16207
15875
15873
15872
15871
15870
15874
15873
15872
15871
15870
15874
15873
15874
16208
15875
15873
15872
15871
15870
15874
15873
15872
15871
15870
15874
15873
15874
16209
15875
15873
15872
15871
15870
15874
15873
15872
15871
15870
15874
15873
15872
15871
15870
15874
16210
15875
15873
15872
15871
15870
15874
15873
15872
15871
15870
15874
15873
15874
16211
15875
15873
15872
15871
15870
15874
15873
15874
15873
15874
15873
15874
16212
15875
15873
15872
15871
15870
15874
16213
15875
15873
15872
15871
15870
15874
15873
15874
15873
15874
16214
15875
15873
15872
15871
15870
15874
15873
15874
16215
15875
15873
15872
15871
15870
15874
15873
15874
15873
15874
15873
15874
16216
15875
15873
15872
15871
15870
15874
15873
15874
15873
15874
15873
15874
16217
15875
15873
15872
15871
15870
15874
15873
15872
15871
15870
15874
16218
15875
15873
15872
15871
15870
15874
15873
15872
15871
15870
15874
15873
15872
15871
15870
15874
16219
15875
15873
15872
15871
15870
15874
15873
15872
15871
15870
15874
15873
15874
15873
15874
16220
15875
15873
15872
15871
15870
15874
15873
15874
15873
15874
15873
15874
16221
15875
15873
15872
15871
15870
15874
15873
15872
15871
15870
15874
15873
15874
16222
15875
15873
15872
15871
15870
15874
15873
15872
15871
15870
15874
15873
15874
16223
15875
15873
15872
15871
15870
15874
15873
15872
15871
15870
15874
16224
15875
15873
15872
15871
15870
15874
15873
15872
15871
15870
15874
16225
15875
15873
15872
15871
15870
15874
15873
15874
15873
15874
16226
15875
15873
15872
15871
15870
15874
15873
15874
15873
15874
16227
15875
15873
15872
15871
15870
15874
15873
15872
15871
15870
15874
15873
15872
15871
15870
15874
16228
15875
15873
15872
15871
15870
15874
15873
15872
15871
15870
15874
15873
15874
16229
15875
15873
15872
15871
15870
15874
15873
15872
15871
15870
15874
15873
15874
16230
15875
15873
15872
15871
15870
15874
15873
15872
15871
15870
15874
15873
15872
15871
15870
15874
16231
15875
15873
15872
15871
15870
15874
15873
15872
15871
15870
15874
15873
15874
15873
15874
16232
15875
15873
15872
15871
15870
15874
15873
15874
15873
15874
15873
15874
16233
15875
15873
15872
15871
15870
15874
15873
15872
15871
15870
15874
15873
15872
15871
15870
15874
15873
15872
15871
15870
15874
16234
15875
15873
15872
15871
15870
15874
15873
15874
15873
15874
15873
15874
16235
15875
15873
15872
15871
15870
15874
15873
15872
15871
15870
15874
16236
15875
15873
15872
15871
15870
15874
15873
15872
15871
15870
15874
15873
15874
15873
15874
16237
15875
15873
15872
15871
15870
15874
15873
15874
15873
15874
16238
15875
15873
15872
15871
15870
15874
15873
15872
15871
15870
15874
15873
15874
15873
15874
16239
15875
15873
15872
15871
15870
15874
15873
15872
15871
15870
15874
16240
15875
15873
15872
15871
15870
15874
15873
15872
15871
15870
15874
16241
15875
15873
15872
15871
15870
15874
15873
15872
15871
15870
15874
15873
15872
15871
15870
15874
15873
15874
16242
15875
15873
15872
15871
15870
15874
15873
15872
15871
15870
15874
15873
15872
15871
15870
15874
15873
15874
15873
15874
16243
15875
15873
15872
15871
15870
15874
15873
15872
15871
15870
15874
15873
15874
15873
15874
15873
15874
16244
15875
15873
15872
15871
15870
15874
15873
15872
15871
15870
15874
15873
15874
16245
15875
15873
15872
15871
15870
15874
15873
15872
15871
15870
15874
15873
15874
15873
15874
16246
15875
15873
15872
15871
15870
15874
15873
15872
15871
15870
15874
15873
15874
16247
15875
15873
15872
15871
15870
15874
15873
15872
15871
15870
15874
15873
15874
16248
15875
15873
15872
15871
15870
15874
15873
15874
15873
15874
15873
15874
16249
15875
15873
15872
15871
15870
15874
15873
15872
15871
15870
15874
15873
15872
15871
15870
15874
16250
15875
15873
15872
15871
15870
15874
15873
15872
15871
15870
15874
16251
15875
15873
15872
15871
15870
15874
15873
15872
15871
15870
15874
15873
15874
15873
15874
15873
15874
16252
15875
15873
15872
15871
15870
15874
15873
15874
15873
15874
15873
15874
16253
15875
15873
15872
15871
15870
15874
15873
15872
15871
15870
15874
16254
15875
15873
15872
15871
15870
15874
15873
15872
15871
15870
15874
15873
15874
15873
15874
16255
15875
15873
15872
15871
15870
15874
15873
15874
15873
15874
15873
15874
16256
15875
15873
15872
15871
15870
15874
15873
15874
15873
15874
16257
15875
15873
15872
15871
15870
15874
15873
15872
15871
15870
15874
15873
15872
15871
15870
15874
16258
15875
15873
15872
15871
15870
15874
15873
15872
15871
15870
15874
15873
15872
15871
15870
15874
16259
15875
15873
15872
15871
15870
15874
15873
15874
15873
15874
16260
15875
15873
15872
15871
15870
15874
15873
15872
15871
15870
15874
15873
15874
16261
15875
15873
15872
15871
15870
15874
15873
15872
15871
15870
15874
15873
15874
15873
15874
15873
15874
16262
15875
15873
15872
15871
15870
15874
15873
15872
15871
15870
15874
15873
15874
15873
15874
15873
15874
16263
15875
15873
15872
15871
15870
15874
15873
15872
15871
15870
15874
15873
15872
15871
15870
15874
16264
15875
15873
15872
15871
15870
15874
15873
15872
15871
15870
15874
15873
15874
16265
15875
15873
15872
15871
15870
15874
15873
15872
15871
15870
15874
15873
15874
16266
15875
15873
15872
15871
15870
15874
15873
15872
15871
15870
15874
16267
15875
15873
15872
15871
15870
15874
15873
15872
15871
15870
15874
15873
15874
16268
15875
15873
15872
15871
15870
15874
15873
15872
15871
15870
15874
15873
15874
15873
15874
15873
15874
16269
15875
15873
15872
15871
15870
15874
15873
15874
15873
15874
15873
15874
16270
15875
15873
15872
15871
15870
15874
15873
15872
15871
15870
15874
16271
15875
15873
15872
15871
15870
15874
15873
15872
15871
15870
15874
16272
15875
15873
15872
15871
15870
15874
15873
15874
15873
15874
16273
15875
15873
15872
15871
15870
15874
15873
15872
15871
15870
15874
15873
15874
16274
15875
15873
15872
15871
15870
15874
15873
15872
15871
15870
15874
15873
15874
16275
15875
15873
15872
15871
15870
15874
15873
15872
15871
15870
15874
16276
15875
15873
15872
15871
15870
15874
15873
15872
15871
15870
15874
15873
15872
15871
15870
15874
15873
15874
15873
15874
16277
15875
15873
15872
15871
15870
15874
15873
15872
15871
15870
15874
15873
15874
15873
15874
15873
15874
16278
15875
15873
15872
15871
15870
15874
15873
15874
15873
15874
16279
15875
15873
15872
15871
15870
15874
15873
15872
15871
15870
15874
15873
15872
15871
15870
15874
15873
15874
16280
15875
15873
15872
15871
15870
15874
15873
15872
15871
15870
15874
16281
15875
15873
15872
15871
15870
15874
15873
15872
15871
15870
15874
16282
15875
15873
15872
15871
15870
15874
15873
15872
15871
15870
15874
15873
15874
16283
15875
15873
15872
15871
15870
15874
15873
15872
15871
15870
15874
15873
15874
16284
15875
15873
15872
15871
15870
15874
15873
15872
15871
15870
15874
15873
15874
16285
15875
15873
15872
15871
15870
15874
15873
15872
15871
15870
15874
15873
15874
16286
15875
15873
15872
15871
15870
15874
15873
15872
15871
15870
15874
16287
15875
15873
15872
15871
15870
15874
15873
15872
15871
15870
15874
16288
15875
15873
15872
15871
15870
15874
15873
15872
15871
15870
15874
15873
15874
16289
15875
15873
15872
15871
15870
15874
15873
15872
15871
15870
15874
15873
15874
15873
15874
16290
15875
15873
15872
15871
15870
15874
15873
15872
15871
15870
15874
15873
15874
16291
15875
15873
15872
15871
15870
15874
15873
15872
15871
15870
15874
15873
15874
15873
15874
16292
15875
15873
15872
15871
15870
15874
15873
15872
15871
15870
15874
15873
15874
16293
15875
15873
15872
15871
15870
15874
15873
15872
15871
15870
15874
15873
15874
15873
15874
16294
15875
15873
15872
15871
15870
15874
15873
15872
15871
15870
15874
15873
15874
16295
15875
15873
15872
15871
15870
15874
15873
15874
15873
15874
15873
15874
16296
15875
15873
15872
15871
15870
15874
15873
15872
15871
15870
15874
15873
15874
15873
15874
16297
15875
15873
15872
15871
15870
15874
15873
15872
15871
15870
15874
15873
15874
15873
15874
16298
15875
15873
15872
15871
15870
15874
15873
15874
15873
15874
15873
15874
16299
15875
15873
15872
15871
15870
15874
15873
15872
15871
15870
15874
15873
15874
15873
15874
15873
15874
16300
15875
15873
15872
15871
15870
15874
15873
15874
15873
15874
16301
15875
15873
15872
15871
15870
15874
15873
15874
15873
15874
15873
15874
16302
15875
15873
15872
15871
15870
15874
15873
15872
15871
15870
15874
15873
15874
15873
15874
15873
15874
16303
15875
15873
15872
15871
15870
15874
15873
15872
15871
15870
15874
15873
15872
15871
15870
15874
15873
15874
16304
15875
15873
15872
15871
15870
15874
15873
15872
15871
15870
15874
15873
15874
15873
15874
16305
15875
15873
15872
15871
15870
15874
15873
15872
15871
15870
15874
15873
15874
15873
15874
15873
15874
16306
15875
15873
15872
15871
15870
15874
15873
15872
15871
15870
15874
16307
15875
15873
15872
15871
15870
15874
15873
15872
15871
15870
15874
15873
15874
15873
15874
15873
15874
16308
15875
15873
15872
15871
15870
15874
15873
15874
15873
15874
16309
15875
15873
15872
15871
15870
15874
15873
15872
15871
15870
15874
15873
15872
15871
15870
15874
15873
15874
15873
15874
15873
15874
16310
15875
15873
15872
15871
15870
15874
15873
15872
15871
15870
15874
15873
15874
15873
15874
15873
15874
16311
15875
15873
15872
15871
15870
15874
15873
15872
15871
15870
15874
15873
15872
15871
15870
15874
16312
15875
15873
15872
15871
15870
15874
15873
15872
15871
15870
15874
16313
15875
15873
15872
15871
15870
15874
15873
15874
15873
15874
16314
15875
15873
15872
15871
15870
15874
15873
15872
15871
15870
15874
15873
15872
15871
15870
15874
15873
15874
16315
15875
15873
15872
15871
15870
15874
15873
15874
15873
15874
15873
15874
16316
15875
15873
15872
15871
15870
15874
15873
15872
15871
15870
15874
16317
15875
15873
15872
15871
15870
15874
15873
15874
16318
15875
15873
15872
15871
15870
15874
15873
15872
15871
15870
15874
16319
15875
15873
15872
15871
15870
15874
15873
15872
15871
15870
15874
15873
15874
15873
15874
15873
15874
16320
15875
15873
15872
15871
15870
15874
15873
15872
15871
15870
15874
16321
15875
15873
15872
15871
15870
15874
15873
15872
15871
15870
15874
15873
15874
15873
15874
16322
15875
15873
15872
15871
15870
15874
15873
15874
15873
15874
15873
15874
16323
15875
15873
15872
15871
15870
15874
15873
15874
15873
15874
16324
15875
15873
15872
15871
15870
15874
15873
15872
15871
15870
15874
16325
15875
15873
15872
15871
15870
15874
15873
15874
15873
15874
15873
15874
16326
15875
15873
15872
15871
15870
15874
15873
15874
15873
15874
15873
15874
16327
15875
15873
15872
15871
15870
15874
15873
15872
15871
15870
15874
15873
15874
15873
15874
15873
15874
16328
15875
15873
15872
15871
15870
15874
15873
15872
15871
15870
15874
15873
15874
15873
15874
15873
15874
16329
15875
15873
15872
15871
15870
15874
15873
15872
15871
15870
15874
15873
15874
15873
15874
15873
15874
16330
15875
15873
15872
15871
15870
15874
15873
15874
15873
15874
15873
15874
16331
15875
15873
15872
15871
15870
15874
15873
15872
15871
15870
15874
15873
15872
15871
15870
15874
15873
15874
15873
15874
16332
15875
15873
15872
15871
15870
15874
15873
15872
15871
15870
15874
15873
15874
15873
15874
16333
15875
15873
15872
15871
15870
15874
15873
15872
15871
15870
15874
15873
15872
15871
15870
15874
15873
15874
16334
15875
15873
15872
15871
15870
15874
15873
15872
15871
15870
15874
16335
15875
15873
15872
15871
15870
15874
15873
15872
15871
15870
15874
16336
15875
15873
15872
15871
15870
15874
15873
15872
15871
15870
15874
15873
15874
15873
15874
15873
15874
16337
15875
15873
15872
15871
15870
15874
15873
15874
15873
15874
15873
15874
16338
15875
15873
15872
15871
15870
15874
15873
15872
15871
15870
15874
15873
15874
16339
15875
15873
15872
15871
15870
15874
15873
15872
15871
15870
15874
16340
15875
15873
15872
15871
15870
15874
15873
15872
15871
15870
15874
15873
15872
15871
15870
15874
16341
15875
15873
15872
15871
15870
15874
15873
15872
15871
15870
15874
15873
15874
16342
15875
15873
15872
15871
15870
15874
15873
15872
15871
15870
15874
16343
15875
15873
15872
15871
15870
15874
15873
15872
15871
15870
15874
15873
15874
15873
15874
15873
15874
16344
15875
15873
15872
15871
15870
15874
15873
15872
15871
15870
15874
15873
15874
15873
15874
16345
15875
15873
15872
15871
15870
15874
15873
15872
15871
15870
15874
15873
15872
15871
15870
15874
15873
15874
16346
15875
15873
15872
15871
15870
15874
15873
15872
15871
15870
15874
16347
15875
15873
15872
15871
15870
15874
15873
15872
15871
15870
15874
16348
15875
15873
15872
15871
15870
15874
15873
15872
15871
15870
15874
15873
15872
15871
15870
15874
15873
15874
15873
15874
15873
15874
16349
15875
15873
15872
15871
15870
15874
15873
15874
15873
15874
15873
15874
16350
15875
15873
15872
15871
15870
15874
15873
15872
15871
15870
15874
15873
15872
15871
15870
15874
15873
15874
15873
15874
16351
15875
15873
15872
15871
15870
15874
15873
15874
15873
15874
15873
15874
16352
15875
15873
15872
15871
15870
15874
15873
15874
15873
15874
15873
15874
16353
15875
15873
15872
15871
15870
15874
15873
15874
15873
15874
15873
15874
16354
15875
15873
15872
15871
15870
15874
15873
15874
16355
15875
15873
15872
15871
15870
15874
15873
15874
15873
15874
16356
15875
15873
15872
15871
15870
15874
15873
15872
15871
15870
15874
15873
15874
15873
15874
16357
15875
15873
15872
15871
15870
15874
15873
15872
15871
15870
15874
15873
15874
16358
15875
15873
15872
15871
15870
15874
15873
15872
15871
15870
15874
15873
15874
16359
15875
15873
15872
15871
15870
15874
15873
15872
15871
15870
15874
15873
15874
15873
15874
15873
15874
16360
15875
15873
15872
15871
15870
15874
15873
15872
15871
15870
15874
15873
15874
15873
15874
15873
15874
16361
15875
15873
15872
15871
15870
15874
15873
15872
15871
15870
15874
15873
15874
16362
15875
15873
15872
15871
15870
15874
15873
15874
15873
15874
15873
15874
16363
15875
15873
15872
15871
15870
15874
15873
15874
15873
15874
15873
15874
16364
15875
15873
15872
15871
15870
15874
15873
15872
15871
15870
15874
15873
15874
16365
15875
15873
15872
15871
15870
15874
15873
15872
15871
15870
15874
15873
15874
15873
15874
16366
15875
15873
15872
15871
15870
15874
15873
15872
15871
15870
15874
15873
15874
15873
15874
15873
15874
16367
15875
15873
15872
15871
15870
15874
15873
15874
15873
15874
15873
15874
16368
15875
15873
15872
15871
15870
15874
15873
15874
15873
15874
16369
15875
15873
15872
15871
15870
15874
15873
15872
15871
15870
15874
15873
15874
16370
15875
15873
15872
15871
15870
15874
15873
15872
15871
15870
15874
15873
15872
15871
15870
15874
16371
15875
15873
15872
15871
15870
15874
15873
15872
15871
15870
15874
15873
15874
15873
15874
15873
15874
16372
15875
15873
15872
15871
15870
15874
16373
15875
15873
15872
15871
15870
15874
15873
15874
15873
15874
15873
15874
16374
15875
15873
15872
15871
15870
15874
15873
15872
15871
15870
15874
15873
15874
16375
15875
15873
15872
15871
15870
15874
15873
15872
15871
15870
15874
15873
15874
15873
15874
16376
15875
15873
15872
15871
15870
15874
15873
15872
15871
15870
15874
15873
15872
15871
15870
15874
15873
15874
16377
15875
15873
15872
15871
15870
15874
15873
15872
15871
15870
15874
15873
15874
15873
15874
16378
15875
15873
15872
15871
15870
15874
15873
15872
15871
15870
15874
15873
15874
16379
15875
