0.9853415090831776
1.200272791083587
1.0494906932750363
1.0311314179146935
0.9980404221022229
1.0485331783892946
1.1102881698528682
1.1134384074930477
0.9935101692763864
1.020418891975174
1.1403876907697799
1.1381963041988172
1.0553280461406462
1.0725683787703477
1.00439504721098
1.1017652774141857
1.0763392487689365
1.0535832043801618
0.9585716194006282
1.0467778725242427
1.053790211010194
1.1463441871009699
1.0170433843000475
1.1157964497707442
0.9927194215784911
0.993592656222664
1.0210232366448393
0.947466612280105
1.1219218660211403
1.0956765358512703
1.0038340046387457
0.9500480259099682
1.1515606045555173
1.052173545677057
1.062100367609809
1.0782241564685047
0.9993324527503731
1.0291247374391899
1.1343499361709029
1.0074170501590136
0.9742240174737696
1.0879857886564748
1.0596572668893354
1.09485478484063
1.026152354080809
1.0073206495248728
1.0243912570720055
1.0613823193281937
1.0529593818164882
0.9496114364125119
1.1010237226234811
1.0497439447878987
1.154917714367629
0.978903744765949
1.0983130922632025
0.9807578060718938
1.0308608237600028
0.9652026188780204
1.0673402206178186
1.0370976590209402
1.1093970471589678
0.9910783519649131
1.1534613956814033
0.9584899668695819
0.9983023621970724
0.9887386985284183
1.0668664817559201
0.993727024956125
1.0424710718324435
1.2024553953506534
1.0447132442325926
1.1159562647065053
1.0638026731188348
1.0254444558608826
0.995748654404779
1.0104346998605214
1.0779303084010783
1.1555022361990304
1.118666333575952
1.1292530996551466
1.1364830329740014
1.0698995553005721
1.0520676953906638
1.0392940838465492
1.0994504956633753
1.0656268167085867
1.15163917104134
1.0405382090090067
0.974698583969217
1.1692167054259808
1.0299346362839252
1.0193448584206286
0.9750603121678991
0.955012823231068
1.0075622476584265
1.0424949617273205
1.0974620911163704
0.9986969810249902
1.0109584216778684
1.066431610266104
