0.5394355059290805
0.5134988109720064
0.49937087411078274
0.42778466359097544
0.463125023257686
0.47804953761263813
0.5543855489917288
0.4585108948902852
0.48370662762780364
0.5512817546277241
0.5016394030314513
0.49148877557312864
0.4706615673873162
0.4456752327227145
0.48666465435524253
0.4844498270218509
0.502932660101033
0.517480267211465
0.4546579207353147
0.42981561509293337
0.49762661662725316
0.5118949702283466
0.47468806909343664
0.5256021303739412
0.4585817273304099
0.49788372543873716
0.505810343873534
0.4525890315238375
0.479024066910038
0.4992440491694158
0.46466980215781517
0.42795924488604187
0.5484082955033751
0.5531660061436988
0.4448114500257572
0.41987709258271866
0.4633920692577269
0.5225967982386895
0.5444689949849493
0.5398794106856157
0.48585569864839445
0.53200665500809
0.4483657646805913
0.44291643325779845
0.4746498793451915
0.49424577219750154
0.5253108226328058
0.4860212339156129
0.441822842113907
0.46220804282503924
0.4979471032698176
0.49294247938537905
0.43656955524391783
0.448049800079516
0.4524130016334352
0.5118440217894071
0.421195537119452
0.43196505545078406
0.5160495830468215
0.43002864747208747
0.44013974324528904
0.53207479506559
0.453499627975538
0.4881327053122617
0.458149070492409
0.5260599144828134
0.43267383704946527
0.42946316406627105
0.5252457713148564
0.5332712184450694
0.434513504124828
0.48781049800994036
0.4780771919594287
0.5062939161476444
0.4845535077077941
0.4764441703078013
0.4631643443396891
0.4990305632173177
0.508675815201945
0.49480654720815753
0.42194974204450086
0.5210068900280924
0.5259300502001703
0.5043330818001994
0.5360383238054343
0.4712371554487545
0.4463194818821563
0.513345916019439
0.4797596168234582
0.5081271104155178
0.44202963072231816
0.4872762781836713
0.4543668235232136
0.46838609704635464
0.5097556478313983
0.46995638743594437
0.5417096043274525
0.475335670084101
0.42571482673248445
0.46590217016319946
