1.6116259489422882
1.7507366357752225
1.7511376949922381
1.7286921651562066
1.6247604397437252
1.738026160968237
1.6893108898960436
1.6586762252911376
1.777909065218469
1.6605857052770499
1.8854202861109848
1.7894546524096344
1.7442959268460152
1.6960852681350502
1.7594532219220653
1.7549699787232167
1.7658266659865534
1.5915415980854772
1.7260956062609458
1.708731488931297
1.6976863270165474
1.7338152505260371
1.7089412142420015
1.692029814392636
1.693784317381613
1.7357286238683662
1.6818382778813876
1.7693417030293304
1.7131508651061755
1.7939079996491147
1.6873632829236214
1.5533306955557404
1.6742240342253703
1.6261037380626626
1.766078313846013
1.657850517507274
1.6678325422170905
1.6195582117507819
1.8213552872159817
1.6946933046955355
1.748436620372467
1.767774333141961
1.7343832940650716
1.7065130613517852
1.6475073945202119
1.715654668815911
1.7081547512161384
1.615389124240597
1.6871278690811766
1.7618598121604965
1.692803044336905
1.7371547986023135
1.7019117899818283
1.7360907359951043
1.7839378672822526
1.7148140684563051
1.6759463429799577
1.7835023196257664
1.7226545334908694
1.6778978435607543
1.8145525927375865
1.6338845557472756
1.663066098509585
1.8741558705130106
1.8417765999470574
1.7027164288071446
1.6749589140306032
1.7493519348213242
1.7840613438531097
1.7915656581087356
1.624353004815302
1.6924668317718126
1.7003125049307546
1.832771133275008
1.7676800662193908
1.7541104686859907
1.7063823729607253
1.7032250824811186
1.631054468341067
1.6695155903010277
1.647309158699586
1.726618940772153
1.7577452042282138
1.796007375656403
1.6752144861622194
1.6922657719733332
1.7684111226761114
1.7748332950702708
1.6925639387048748
1.6725893988976
1.7249905265480208
1.7390119906742483
1.7915038176774503
1.7532306924198298
1.7925658500759964
1.675460935724702
1.677781550020808
1.6820264920744554
1.6151707215537507
1.6414141760183083
