0.34161958743978377
0.34430473267167466
0.3504944676743447
0.34000420995262354
0.3475300174766418
0.36918572359688806
0.33958042933286714
0.3522323348833971
0.36083477787711915
0.3424443416183439
0.3538677105552158
0.3572771495182204
0.3292949096785914
0.33502695822784867
0.3533821664333383
0.33855260571397666
0.3440827044446178
0.35858159796563727
0.35117845815785526
0.34867205335125834
0.32965422100827496
0.3647473435736076
0.33684071003873706
0.3307678961272269
0.35819643172675886
0.3464704234691164
0.33825516466679295
0.3285268522628915
0.3504080966792552
0.35011625169398647
0.32553954315319344
0.34285112690804453
0.363748777040248
0.3402096880433761
0.3380659979081211
0.3464224275517204
0.34667761304679906
0.35267045861286306
0.3471869421322371
0.3563590328130272
0.3280342396040855
0.34501466660226315
0.3591524385407196
0.33617970139109776
0.35001764774072275
0.35798867706259246
0.3403702568872954
0.33948274425901515
0.35646407673986386
0.35469867626383567
0.3342070969464325
0.34818015223128085
0.32606368681646297
0.3416879714537151
0.3708964649844635
0.3272294667144414
0.34473365438366643
0.3411747564686866
0.32608392133850617
0.35095725213633433
0.3616345903492922
0.3285780167658659
0.3247177859860759
0.3244864188682896
0.3421377644069117
0.3218676345566823
0.33730692832602605
0.335518680246248
0.33629832727545167
0.34142476719927145
0.33482804342681394
0.3653082495393022
0.3679556250200567
0.3354205345434375
0.3426227549071755
0.33087444172874353
0.34907445563271383
0.34962572591122726
0.35218442750656026
0.3610624105815443
0.3426782665271284
0.326330823640755
0.32744521471831456
0.33869087465489206
0.32752149381114676
0.35677686145715964
0.33917638505473646
0.3342960032361235
0.36177292784900145
0.3299211696016292
0.35202607163223687
0.3477290641179687
0.338698654605728
0.34029081201224165
0.34424628279739106
0.3317865580522395
0.3492056883132429
0.35828458243645633
0.3457171689741131
0.3333591700025586
