0.10697443372958176
0.1303086300166743
0.11393884412930586
0.11194565388282418
0.10835310195442652
0.113834890716458
0.12053937355909979
0.1208813817710398
0.1078612712274874
0.11078263945013286
0.12380715348711105
0.12356924375190718
0.1145725812768045
0.11644429256002037
0.10904299720019323
0.11961407853807249
0.11685368024850033
0.11438315105636324
0.10406813803068377
0.11364432445166028
0.11440562490611159
0.12445382554564866
0.11041617460645396
0.12113738462390014
0.10777542303533721
0.10787022649252676
0.1108482506399782
0.10286251354685755
0.12180239561623496
0.1189530491641809
0.1089820871391538
0.103142766899356
0.12502015031543995
0.11423011026783811
0.1153078240809694
0.11705831684599985
0.10849337235374802
0.11172779692098467
0.12315165955606372
0.10937108350439836
0.10576745385666805
0.11811809669487296
0.11504258678637881
0.11886383507117901
0.11140509760946793
0.1093606176880765
0.1112139026242542
0.11522986856239209
0.11431542523249247
0.1030953681915657
0.11953357101546859
0.11396633859384417
0.12538461777957105
0.10627551240537933
0.1192392891394205
0.10647680013808422
0.111916276599718
0.10478803809336884
0.11587669315142966
0.11259338389110196
0.12044262807067285
0.10759725892573153
0.12522651131054208
0.10405927335463921
0.10838153970221173
0.10734325247295823
0.1158252612914906
0.10788481434764138
0.11317675299451127
0.130545586293633
0.11342017633618419
0.12115473506747426
0.11549263631732001
0.11132824404091657
0.10810429425738562
0.10969869719471514
0.11702641498220369
0.12544807688622628
0.12144895598479556
0.12259831719196032
0.12338324101335374
0.11615454948437433
0.11421861854203276
0.11283184060867973
0.11936277230087668
0.11569067600788044
0.1250286799523765
0.112966910108458
0.10581897556934283
0.12693699982911527
0.1118157242735778
0.11066603608952649
0.10585824689696005
0.10368177431669394
0.1093868469936409
0.11317934662113999
0.1191468994806612
0.10842438182879058
0.10975555549645732
0.11577804910065184
