0.3792061056334796
0.41193803194711126
0.41203239882170306
0.4067510976838134
0.3822965740573472
0.4089473319925263
0.39748491526965735
0.3902767588920324
0.41833154475728673
0.3907260483004823
0.44362830261434943
0.42104815350814934
0.4104225710225919
0.3990788866200118
0.41398899339342715
0.41293411264075686
0.4154886272909537
0.3744803760201123
0.4061401426496344
0.40205446798383465
0.3994556063568347
0.40795652953553807
0.40210381511576515
0.39812466221003207
0.3985374864427324
0.40840673502785085
0.39572665361915005
0.4163156948304307
0.40309432120145305
0.42209599991743885
0.397026654805558
0.36548957542488014
0.3939350668765577
0.38261264425003827
0.41554783855200306
0.39008247470759383
0.3924311864040213
0.3810725204119486
0.42855418522728983
0.3987513658107142
0.4113968518523451
0.41594690191575556
0.40809018683884035
0.4015324850239495
0.38764879871063807
0.4036834514860968
0.40191876499203255
0.3800915586448465
0.396971263313218
0.41455524992011683
0.3983065986675071
0.40874230555348556
0.4004498329369008
0.4084919378812011
0.4197500864193535
0.4034856631661894
0.39434031599528413
0.4196476046178274
0.40533047846843984
0.39479949260253044
0.4269535512323732
0.3844434248817119
0.3913096702375494
0.4409778518854143
0.4333591999875429
0.4006391597193282
0.39410797977190665
0.41161221995795866
0.41977913973014347
0.42154486073146713
0.3822007070153651
0.3982274898286618
0.40007353057194234
0.4312402666529431
0.41592472146338605
0.412731874984939
0.4015017348142883
0.4007588429367337
0.38377752196260406
0.3928271977178889
0.38760215498813794
0.4062632801816831
0.41358710687722683
0.42258997074268306
0.39416811439111044
0.3981801816407843
0.4160967347473204
0.4176078341341814
0.39825033851879404
0.3935504467994353
0.4058801238936519
0.40917929192335256
0.421530310041753
0.4125248688046659
0.4217802000178815
0.3942261025234593
0.39477212941666073
0.39577093931163654
0.3800401697773531
0.3862151002396019
