0.06428739195913247
0.06119637837826319
0.05951267716729624
0.050981368560478545
0.05519306676888165
0.056971700347114546
0.06606906792893918
0.05464317660472949
0.057645885785699395
0.06569917228312765
0.05978302979757493
0.05857332565524117
0.05609123672831798
0.053113482626947255
0.057998409528690564
0.05773445680155534
0.059937154105712424
0.06167086964741569
0.05418399722742399
0.05122340782897549
0.05930480474642512
0.06100524016545663
0.0565710963047833
0.06263879518221203
0.054651618082518165
0.05933544576793435
0.06028010295239351
0.053937436720752886
0.05708784017519223
0.05949756276598924
0.05537716626836076
0.051002174339892965
0.06535672691018653
0.06592372853577629
0.05301054105896284
0.05003898135892249
0.05522489205788665
0.062280633802727865
0.06488725956202471
0.06434029444471645
0.057902001984077515
0.06340205637088427
0.053434127598688035
0.0527847018541054
0.056566545029816645
0.05890189157400805
0.06260407849276675
0.05792172970034714
0.05265437279393481
0.05508378534442131
0.059342998840402526
0.05874657125317352
0.05202831071909401
0.0533964724203928
0.053916458304544765
0.06099916836961115
0.050196107391187225
0.0514795680432349
0.06150036742305107
0.0512487960281358
0.052453788969763916
0.06341017698314741
0.05404595733232487
0.05817336495200354
0.05460005607107722
0.06269335174387003
0.051564037307766084
0.0511814043697141
0.06259632598198742
0.063552761106551
0.05178328019602287
0.05813496579787157
0.056974996062379775
0.06033773282655756
0.05774681297911978
0.056780380205911245
0.05519775287089609
0.05947212051213416
0.06062159637730247
0.058968722107991596
0.050285989994577625
0.062091156003824616
0.06267787512813375
0.060104049791466975
0.06388253173703186
0.05615983261217429
0.05319026121822861
0.0611781570753711
0.057175499561847
0.06055620431599545
0.052679016889800756
0.058071299986136485
0.054149305627840975
0.0558200568521457
0.060750285762292716
0.05600719669121015
0.06455840833362561
0.05664827435157919
0.05073469511768376
0.05552403410358711
