1.7320113083197042
1.7456249946453908
1.777006951108928
1.7238213444598012
1.761977188606574
1.8717716186362225
1.7216727767176363
1.7858179378588235
1.8294323238369945
1.7361928120050034
1.7941092925149444
1.8113951480573778
1.6695251920704584
1.6985866782151928
1.7916475838170256
1.7164617109698619
1.7444993115342124
1.818008701685781
1.7804747828603265
1.7677673104908795
1.6713469005119543
1.8492690319181908
1.7077823998963966
1.6769932333650406
1.816055908854668
1.7566050469884202
1.7149536848606404
1.6656311409728601
1.776569050163824
1.7750893960885117
1.650485483786691
1.7382552134237859
1.8442062995940574
1.724863118379917
1.7139946093941743
1.7563617076872224
1.7576554981472712
1.788039225167216
1.7602377966104426
1.8067402963620482
1.663133594792714
1.7492243596734742
1.8209028634014486
1.7044310860528658
1.774589474045464
1.8150025927073439
1.7256772024185876
1.721177513393207
1.80727286907111
1.7983222886576467
1.6944299815184127
1.7652733718125941
1.6531428921594673
1.7323580152703357
1.8804450774712302
1.6590533962422178
1.7477996277251888
1.7297560152962412
1.653245481186226
1.7793532683312152
1.8334873730709116
1.6658905450029402
1.6463191749494053
1.6451461436622286
1.7346384655430425
1.6318689072023795
1.7101461266129523
1.7010797088484775
1.70503251928654
1.7310235697003065
1.697578180173947
1.8521128251642622
1.8655350188516877
1.700582110135228
1.7370973673793797
1.6775334195647296
1.7698074900578589
1.7726024303699224
1.7855750474582603
1.8305864216484298
1.7373788112925412
1.654497275858628
1.6601472386218554
1.7171627345003029
1.6605339736225142
1.8088586875877999
1.719624272227514
1.6948807364071463
1.8341887441944376
1.6727003298802603
1.7847721831754408
1.7629863550781015
1.7172021788510414
1.725274416902065
1.7453286537827728
1.6821578493248541
1.7704728397481417
1.8165028329528337
1.7527860466987535
1.6901309919129721
