35353940373531313537403935353634363638373837373637383736353434343736373634363634313033323335353535342733394241424445423941414243424140383735373636363736363737394343434239393939403938353436373637383837363535363738383736
38373838383839393838383837383839414137394042444339424845413938383838363738393939434138373738363434343841413835353435323031333435353535353539363538413832343834384039393636393839373838363635373839383638373535373836383938
40393535353535353535353539403837403938393939383939404039413941393839383836353635373838384038393936363334363537383939383632323538383938353534373938363535333130323637383535353535394142383331333736373837373838373738373637
33303034384044444038343030334045434137373736333132313535353535383939403937373735353737363737373837383737353534353535363945433839383636363537393837373739383737353434373936373839404139363839393936333230303131303032333639
43423632303134343130323642434340363636353435333330323435353536353734343536373735363739393835353535353638373838363535363535353534343636384038373634343535363737383839393635363537363839373834333233322834404545403428323332
37353533353839393835333535373938373638363634343839393736363433343335333635353636373332363838383939383937353634353637393837343134353535353638393937383840394041434442403938424239393633333436363533333537363434363735333335
38383636363635353636363638383637373738383634384041424038363635363532353842423836363637363533333332313336394036363434363839373636353639393737393738394038373733333233343535363636373837383839414140404342414040414243404041
38383636363635353636363638383637373738383634384041424038363635363532353842423836363637363533333332313336394036363434363839373636353639393737393738394038373733333233343535363636373837383839414140404342414040414243404041
37353533353839393835333535373938373638363634343839393736363433343335333635353636373332363838383939383937353634353637393837343134353535353638393937383840394041434442403938424239393633333436363533333537363434363735333335
43423632303134343130323642434340363636353435333330323435353536353734343536373735363739393835353535353638373838363535363535353534343636384038373634343535363737383839393635363537363839373834333233322834404545403428323332
33303034384044444038343030334045434137373736333132313535353535383939403937373735353737363737373837383737353534353535363945433839383636363537393837373739383737353434373936373839404139363839393936333230303131303032333639
40393535353535353535353539403837403938393939383939404039413941393839383836353635373838384038393936363334363537383939383632323538383938353534373938363535333130323637383535353535394142383331333736373837373838373738373637
38373838383839393838383837383839414137394042444339424845413938383838363738393939434138373738363434343841413835353435323031333435353535353539363538413832343834384039393636393839373838363635373839383638373535373836383938
35353940373531313537403935353634363638373837373637383736353434343736373634363634313033323335353535342733394241424445423941414243424140383735373636363736363737394343434239393939403938353436373637383837363535363738383736
41393838353335353335383839413938373838363736373736363535353536424041434239373737373939383735373635363639393636343740404039414039393940383634353734363535343336363839383734343334353636353635383939403837363636363738403939
42363635353535353535353636424544434038373637373838383836353534343638363538373738383738363335373738384141413835333029323739393839383534353535353435363637383838363533343535353536363233363840424239404143423636424341403942
41373532333233333233323537414139403736383941404041393737363737363537373941414341404037373838383838363837363941414241393838363737353535363633353734353535393839414343434239383937373837363838403839393635343333343536393938
37373738373634343637383737373634343334353841383637373737394140414241404141394040393737363835353536374542404445424342424547495150515049454545434242434139404040393840403939393835333741423937373738383637353333353736383837
39383535343332323334353538393738363537383942413836343535353536393836373737364042434749484744434752555247444242424040393837373938383836333134353839383738383738374246454239393834363939373536343737363639414242413936363737
40403635353535353535353640403839393636383942464950525251515254515051525147474647454343434343424141404042464441373637393938383938383937353538383836353537353638363838393535353636393940403937384139434647494949494746433941
53525251484849494848515252535352515250484948464747444243444345484645444243464544424138393837363537353736333132384342413937383737353536363638383637393839383942474946464747464749484849515049505148464647484747484746464851
49474544424345454342444547495151514947484749464440394040393840383940393736353335343233343835363636363536383637373738383943465152505048504949504850504949515454515149474852535149464643464547504947474645484848484546474749
41424343444345454344434342413939393737343432333536393536363636403936363534333237435156545556555250494646454749515454514950504847454647505048434242434547474850494747484947484847474544423938383842414139363535363941414238
37343636363535353536363634373735363635363738415067828480807675747164615854535456565351514947494948484747484847454647464645414244444545484744423735343233374037373636373535363636373537373735353537404146588585584641403735
1891912391891912391191192391911892391911891231151091101091071029593888686868683776864595861616158565149515150504537414750505352494845434239383638393939383736353535363634363638393837394143475679121239191189239191189239191189239191189239191189189191239189191239189
239189191239189191239239191189239191189239191189239191189239191189239191189239191189239191189239191189239191189239191189239191189239191189239191189239191189239191189239191189127124118114119113104991001009789837976736960524847454640373838424543424239383935353636363737404242403737363636
49434038394042424039384043496083126239191189239191189239191189239191189239191189239191189239191189239191189239191189239191189239191189239191189239191189239191189239191189239191189239191189239191189239191189239191189239191189239191189239191189239191189239191189239191189239191189239191189239239189191239189191239
191239189191239189191191189239191189239191189239191189239191189127122118115118113977859454846403838373838353737343232353636363638393837383534363537415177120239191189239191189239191189239191189239191189239191189239191189239191189239191189239191189239191189239191189239191191239189191239189191
18919123918919123918918923919118923919118923919118923919118923919118923919118923919118923919118923919118923919118923919118923919118923919118923919118923919118923919118923919118923919118923919118923919118923919118923919118923919118923919118923919118923919118912695634347423838363636383737373636373737383636
363636363538373738353636363639393941383335373945515880121239191189239191189239191189239191189239191189239191189239191189239191189239191189239191189239191189239191189239191189239191189239191189239191189239191189239191189239191189239191189239191189239191189239191189239191189239191191239189191239189191
1891912391891912391891892391911892391911892391911892391911892391911892391911892391911892391911892391911892391911892391911892391911892391911892391911892391911898854444748464341363740384038383739353636363638413937353234363842475782118239191189239191189239191189239191189239239189191239189191239
191239189191239189191191189239191189239191189239191189239191189239191189239191189239191189239191189239191189239191189239191189239191189239191189239191189239191189239191189239191189239191189239191189239191189239191189239191189239191189239191189239191189239191189239191189239191189239191189239191189239191189189191239189191239189
2391891912391891912392391911892391911892391911892391911899663534944424241383637363738393840353636363634363537394043414144485683239191189239191189239191189239191189239191189239191189239191189239191189239191189239191189239191189239191189239191189239191189239191189239191189189191239189191239189
239189191239189191239239191189239191189239191189239191189239191189239191189239191189239191189239191189239191189239191189239191189239191189239191189239191189239191189239191189239191189239191189239191189239191189239191189239191189239191189239191189915945454743423936363640383939373636363636363636373939
40393837343636363634373839404343434340435687239191189239191189239191189239191189239191189239191189239191189239191189239191189239191189239191189239191189239191189239191189239191189239191189239191189239191189239191189239191189239191189239191189239191189239191189239191189239191189239191191239189191239189191
1891912391891912391891892391911892391911892391911892391911892391911892391911892391911892391911892391911892391911892391911892391911892391911892391911899261484749454441383737383435353535363636363640393634353537374049566289239191189239191189239191189239191189239191189239191191239189191239189191
189191239189191239189189239191189239191189239191189239191189239191189239191189239191189239191189239191189239191189239191189239191189239191189239191189239191189239191189239191189239191189239191189239191189239191189239191189239191189239191189239191189239191189239191189239191189239191189239191189239191189239239189191239189191239
1912391891912391891911911892391911892391911892391911899060454443363637393840403736363335363636363634343433343435374042415080239191189239191189239191189239191189239191189239191189239191189239191189239191189239191189239191189239191189239191189239191189239191189239191189239239189191239189191239
19123918919123918919119118923919118923919118923919118923919118923919118923919118923919118923919118923919118923919118923919118923919118923919118923919118923919118923919118923919118923919118923919118923919118923919118923919118923919118923919118996654847453837373737393937383635353636363636363636353536
4242414041403636404140414242413939455366100239191189239191189239191189239191189239191189239191189239191189239191189239191189239191189239191189239191189239191189239191189239191189239191189239191189239191189239191189239191189239191189239191189239191189239191189239191189239191189239191189189191239189191239189
2391891912391891912392391911892391911892391911892391911892391911892391911892391911892391911892391911892391911892391911892391911892391911892391911899369505051434443413737403838373638363636363636383940394039424649526290239191189239191189239191189239191189239191189239191189189191239189191239189
239189191239189191239239191189239191189239191189239191189239191189239191189239191189239191189239191189239191189239191189239191189239191189239191189239191189239191189239191189239191189239191189239191189239191189239191189239191189239191189239191189239191189239191189239191189239191189239191189239191189239191191239189191239189191
1891912391891912391891892391911892391911892391911899361454948434138373638383736353539363636363741424041413840424245506191239191189239191189239191189239191189239191189239191189239191189239191189239191189239191189239191189239191189239191189239191189239191189239191189239191191239189191239189191
18919123918919123918918923919118923919118923919118923919118923919118923919118923919118923919118923919118923919118923919118923919118923919118923919118923919118923919118923919118923919118923919118923919118923919118923919118923919118912284604852463436363734343734323334373636363737363939363737363636
423940414041393941404140394244496292239191189239191189239191189239191189239191189239191189239191189239191189239191189239191189239191189239191189239191189239191189239191189239191189239191189239191189239191189239191189239191189239191189239191189239191189239191189239191189239191189239191189189191239189191239189
2391891912391891912392391911892391911892391911892391911892391911892391911892391911892391911892391911892391911892391911892391911891258661474749454444434445444241383538373737373739404042444243474544506699239191189239191189239191189239191189239191189239191189239191189239191191239189191239189191
189191239189191239189189239191189239191189239191189239191189239191189239191189239191189239191189239191189239191189239191189239191189239191189239191189239191189239191189239191189239191189239191189239191189239191189239191189239191189239191189239191189239191189239191189239191189239191189239191189239191189239239189191239189191239
393953791191891911911891197953393938374038383738404139383636373737373740394040404038394344485995239191189239191189239191189239191189239191189239191189239191189239191189239191189239191189239191189239191189239191189239191189239191189239191189239191189239191189239191189189191239189191239189
2391891912391891912392391911892391911892391911892391911892391911892391911892391911892391911892391911892391911892391911892391911892391911892391911892391911892391911892391911892391911892391911892391911892391911891187952383640414142393840403939393738373737373741424041434345434242434543434140
1891912399562474343476295239191189239191189239191189239191189239191189239191189239191189239191189239191189239191189239191189239191189239191189239191189239191189239191189239191189239191189239191189239191189239191189239191189239191189239191189239191189239191189239191189239191189239191189239191189239239189191239189191239
1912391891912391891911911892391911892391911892391911892391911892391911892391911892391911892391911892391911891177960514540373838363433343433353736373737373736403839404138404348526296239191189239191189239191189239191189239191189239191189239191189239191189239191189239191189189191239189191239189
2391891912391891912392391911892391911892391911892391911892391911892391911892391911892391911892391911892391911892391911892391911892391911892391911892391911892391911892391911892391911892391911892391911892391911892391911892391911892391911892391911892391911892391911892391911892391911892391911891238661484646486186123189191
3536343738404747403837343635394140393737373737373739394039404241404342435285125239191189239191189239191189239191189239191189239191189239191189239191189239191189239191189239191189239191189239191189239191189239191189239191189239191189239191189239191189239191189239191189189191239189191239189
23918919123918919123923919118923919118923919118923919118923919118923919118923919118923919118923919118923919118923919118923919118923919118923919118923919118923919118923919118923919118912379574745474037363538373940383936353737373737413833313744444446485264962391911892391911912391891912399664
189191239189191239189189239191189239191189239191189239191189239191189239191189239191189239191189239191189239191189239191189239191189239191189239191189239191189239191189239191189239191189239191189239191189239191189239191189239191189239191189239191189239191189239191189239191189239191189239191189239191189239239189191239189191239
19123918919123918919119118923919118923919118923919118923919118923919118923919118911783554046484442394037394038383839423737373738394041414141404246475265102239191189239191189239191189239191189239191189239191189239191189239191189239191189239191189239191189239191189239191189189191239189191239189
2391891912391891912392391911892391911892391911892391911892391911892391911892391911892391911892391911892391911892391911892391911892391911892391911892391911892391911892391911892391911892391911892391911892391911892391911892391911892391911892391911892391911892391911891167657504742384142413736373636373637414241
37373735353736363735353737373738394041394140363437394261100239191189239191189239191189239191189239191189239191189239191189239191189239191189239191189239191189239191189239191189239191189239191189239191189239191189239191189239191189239191189239191189239191189239191189239191189239239189191239189191239
1912391891912391891911911892391911892391911892391911892391911892391911892391911892391911892391911892391911892391911892391911892391911892391911892391911892391911891198148374044454140383637383737373635373737373947504540414041424448536498239191189239191189239191189239191189189191239189191239189
239189191239189191239239191189239191189239191189239191189239191189239191189239191189239191189239191189239191189239191189239191189239191189239191189239191189239191189239191189239191189239191189239191189239191189239191189239191189239191189239191189239191189239191189239191189239191189239191189239191189239191191239189191239189191
18919123918919123918918923919118923919118923919118923919118912579525154504747474645464440363434343737373738414242393937353946525368101239191189239191189239191189239191189239191189239191189239191189239191189239191189239191189239191189239191189239191189239191189239191189239239189191239189191239
191239189191239189191191189239191189239191189239191189239191189239191189239191189239191189239191189239191189239191189239191189239191189239191189239191189239191189239191189239191189239191189239191189239191189239191189239191189239191189239191189116815448525149454746434443383535343637373737373736343535
424041434339373739434341404241414040445068106239191189239191189239191189239191189239191189239191189239191189239191189239191189239191189239191189239191189239191189239191189239191189239191189239191189239191189239191189239191189239191189239191189239191189239191189239191189239191189239191191239189191239189191
18919123918919123918918923919118923919118923919118923919118923919118923919118923919118923919118923919118923919118923919118923919118923919118912180544345464141403838383737373739403737373737393940384041404143465269105239191189239191189239191189239191189239191189239191189239239189191239189191239
191239189191239189191191189239191189239191189239191189239191189239191189239191189239191189239191189239191189239191189239191189239191189239191189239191189239191189239191189239191189239191189239191189239191189239191189239191189239191189239191189239191189239191189239191189239191189239191189239191189239191189189191239189191239189
12118919123918919123923919118923919118912186544753504843403937404038383637373737373737393838383837373941424562104239191189239191189239191189239191189239191189239191189239191189239191189239191189239191189239191189239191189239191189239191189239191189239191189239191189239191191239189191239189191
18919123918919123918918923919118923919118923919118923919118923919118923919118923919118923919118923919118923919118923919118923919118923919118923919118923919118923919118923919118923919118923919118923919118923919118923919118912492654947453940404037373737414138383737373738464242404141404242463837
7859494339374141373943495978112239191189239191189239191189239191189239191189239191189239191189239191189239191189239191189239191189239191189239191189239191189239191189239191189239191189239191189239191189239191189239191189239191189239191189239191189239191189239191189239191189239191189239191189189191239189191239189
23918919123918919123923919118923919118923919118923919118923919118923919118923919118923919118923919118923919118923919118911677484347434140393838424038373434343637373737414138383940393940404563102239191189239191189239191189239191189239191189239191189239191189239191189239191191239189191239189191
189191239189191239189189239191189239191189239191189239191189239191189239191189239191189239191189239191189239191189239191189239191189239191189239191189239191189239191189239191189239191189239191189239191189239191189239191189239191189239191189239191189239191189239191189239191189239191189239191189239191189126126189191239189191239
4042464543548686544345464240383634343634353435363637373738434038384041404141425074113239191189239191189239191189239191189239191189239191189239191189239191189239191189239191189239191189239191189239191189239191189239191189239191189239191189239191189239191189239191189189191239189191239189
2391891912391891912392391911892391911892391911892391911892391911892391911892391911892391911892391911892391911892391911892391911892391911892391911892391911892391911892391911892391911892391911892391911891117342395045414038383941383535333028363737373737403840414143424042497474494240424341
189191239189191239119119239191189239191189239191189239191189239191189239191189239191189239191189239191189239191189239191189239191189239191189239191189239191189239191189239191189239191189239191189239191189239191189239191189239191189239191189239191189239191189239191189239191189239191189239191189239191189239239189191239189191239
19123918919123918919119118923919118923919118923919118923919118923919118923919118923919118923919118911379595243383838414139414241404040393737373737393840404240414347505374112239191189239191189239191189239191189239191189239191189239191189239191189239191189239191189239191189189191239189191239189
2391891912391891912392391911892391911892391911892391911892391911892391911892391911892391911892391911892391911892391911892391911892391911892391911892391911892391911892391911892391911892391911892391911892391911892391911892391911892391911892391911892391911892391911892391911892391911891137852464945434242434549465278
38384041394143434139414038383537393737373737353838414239424344465580119239191189239191189239191189239191189239191189239191189239191189239191189239191189239191189239191189239191189239191189239191189239191189239191189239191189239191189239191189239191189239191189239191189239239189191239189191239
19123918919123918919119118923919118923919118923919118923919118923919118923919118923919118923919118923919118923919118923919118923919118923919118923919118923919118923919118923919118910867484641414239393736383836373938393737373736323436383838384142445067115239191189239191189189191239189191239115
239189191239189191239239191189239191189239191189239191189239191189239191189239191189239191189239191189239191189239191189239191189239191189239191189239191189239191189239191189239191189239191189239191189239191189239191189239191189239191189239191189239191189239191189239191189239191189239191189239191189239191191239189191239189191
18919123918919123918918923919118923919118923919118923919118923919118923919118910773564545444141393837393937383739413737373737403941424239394347495676112239191189239191189239191189239191189239191189239191189239191189239191189239191189239191189239191189239191189239191189239239189191239189191239
191239189191239189191191189239191189239191189239191189239191189239191189239191189239191189239191189239191189239191189239191189239191189239191189239191189239191189239191189239191189239191189239191189239191189239191189239191189239191189239191189239191189239191189108715248514845404041424241394141394142424140
373737373739424239373737373737383940404040424546455172121239191189239191189239191189239191189239191189239191189239191189239191189239191189239191189239191189239191189239191189239191189239191189239191189239191189239191189239191189239191189239191189239191189239191189239191189239191191239189191239189191
18919123918919123918918923919118923919118923919118923919118923919118923919118923919118923919118923919118923919118923919118923919118923919118923919118923919118910671524846454541373333353537383736353737373737373738393939404240425073114239191189239191189239191189239191189239239189191239189191239
191239189191239189191191189239191189239191189239191189239191189239191189239191189239191189239191189239191189239191189239191189239191189239191189239191189239191189239191189239191189239191189239191189239191189239191189239191189239191189239191189239191189239191189239191189239191189239191189239191189239191189189191239189191239189
191239189191239189191191189239191189239191189239191189239191189239191189239191189239191189239191189239191189239191189239191189239191189239191189239191189239191189239191189239191189239191189239191189239191189239191189239191189239191189239191189239191189239191189239191189239191189239191189239191189239191189189191239189191239189
18919123918919123918918923919118923919118923919118923919118923919118923919118923919118923919118923919118923919118923919118923919118923919118923919118923919118910671524846454541373333353537383736353737373737373738393939404240425073114239191189239191189239191189239191189239239189191239189191239
373737373739424239373737373737383940404040424546455172121239191189239191189239191189239191189239191189239191189239191189239191189239191189239191189239191189239191189239191189239191189239191189239191189239191189239191189239191189239191189239191189239191189239191189239191189239191191239189191239189191
191239189191239189191191189239191189239191189239191189239191189239191189239191189239191189239191189239191189239191189239191189239191189239191189239191189239191189239191189239191189239191189239191189239191189239191189239191189239191189239191189239191189239191189108715248514845404041424241394141394142424140
18919123918919123918918923919118923919118923919118923919118923919118923919118910773564545444141393837393937383739413737373737403941424239394347495676112239191189239191189239191189239191189239191189239191189239191189239191189239191189239191189239191189239191189239191189239239189191239189191239
239189191239189191239239191189239191189239191189239191189239191189239191189239191189239191189239191189239191189239191189239191189239191189239191189239191189239191189239191189239191189239191189239191189239191189239191189239191189239191189239191189239191189239191189239191189239191189239191189239191189239191191239189191239189191
19123918919123918919119118923919118923919118923919118923919118923919118923919118923919118923919118923919118923919118923919118923919118923919118923919118923919118923919118923919118910867484641414239393736383836373938393737373736323436383838384142445067115239191189239191189189191239189191239115
